service_id,date,exception_type
5528,20200101,2
5528,20200216,2
5528,20200311,2
5528,20190624,2
5528,20190706,2
5528,20190815,2
5528,20191101,2
5528,20191223,2
5528,20191224,2
5528,20191225,2
5528,20191226,2
5528,20191231,2
5529,20200101,1
5529,20200216,1
5529,20200311,1
5529,20190624,1
5529,20190706,1
5529,20190815,1
5529,20191101,1
5529,20191223,1
5529,20191224,1
5529,20191225,1
5529,20191226,1
5529,20191231,1
3983,20200101,2
3983,20200216,2
3983,20200311,2
3983,20190624,2
3983,20190706,2
3983,20190815,2
3983,20191101,2
3983,20191223,2
3983,20191224,2
3983,20191225,2
3983,20191226,2
3983,20191231,2
4199,20200101,1
4199,20200216,1
4199,20200311,1
4199,20190624,1
4199,20190706,1
4199,20190815,1
4199,20191101,1
4199,20191223,1
4199,20191224,1
4199,20191225,1
4199,20191226,1
4199,20191231,1
5491,20200101,2
5491,20200216,2
5491,20200311,2
5491,20190624,2
5491,20190706,2
5491,20190815,2
5491,20191101,2
5491,20191223,2
5491,20191224,2
5491,20191225,2
5491,20191226,2
5491,20191231,2
5297,20200101,1
5297,20200216,1
5297,20200311,1
5297,20190624,1
5297,20190706,1
5297,20190815,1
5297,20191101,1
5297,20191223,1
5297,20191224,1
5297,20191225,1
5297,20191226,1
5297,20191231,1
5292,20200101,2
5292,20200216,2
5292,20200311,2
5292,20190624,2
5292,20190706,2
5292,20190815,2
5292,20191101,2
5292,20191223,2
5292,20191224,2
5292,20191225,2
5292,20191226,2
5292,20191231,2
5298,20200101,1
5298,20200216,1
5298,20200311,1
5298,20190624,1
5298,20190706,1
5298,20190815,1
5298,20191101,1
5298,20191223,1
5298,20191224,1
5298,20191225,1
5298,20191226,1
5298,20191231,1
5530,20200101,2
5530,20200216,2
5530,20200311,2
5530,20190624,2
5530,20190706,2
5530,20190815,2
5530,20191101,2
5530,20191223,2
5530,20191224,2
5530,20191225,2
5530,20191226,2
5530,20191231,2
5531,20200101,1
5531,20200216,1
5531,20200311,1
5531,20190624,1
5531,20190706,1
5531,20190815,1
5531,20191101,1
5531,20191223,1
5531,20191224,1
5531,20191225,1
5531,20191226,1
5531,20191231,1
5170,20200101,2
5170,20200216,2
5170,20200311,2
5170,20190624,2
5170,20190706,2
5170,20190815,2
5170,20191101,2
5170,20191223,2
5170,20191224,2
5170,20191225,2
5170,20191226,2
5170,20191231,2
5172,20200101,1
5172,20200216,1
5172,20200311,1
5172,20190624,1
5172,20190706,1
5172,20190815,1
5172,20191101,1
5172,20191223,1
5172,20191224,1
5172,20191225,1
5172,20191226,1
5172,20191231,1
5532,20200101,2
5532,20200216,2
5532,20200311,2
5532,20190624,2
5532,20190706,2
5532,20190815,2
5532,20191101,2
5532,20191223,2
5532,20191224,2
5532,20191225,2
5532,20191226,2
5532,20191231,2
5533,20200101,1
5533,20200216,1
5533,20200311,1
5533,20190624,1
5533,20190706,1
5533,20190815,1
5533,20191101,1
5533,20191223,1
5533,20191224,1
5533,20191225,1
5533,20191226,1
5533,20191231,1
4945,20200101,2
4945,20200216,2
4945,20200311,2
4945,20190624,2
4945,20190706,2
4945,20190815,2
4945,20191101,2
4945,20191223,2
4945,20191224,2
4945,20191225,2
4945,20191226,2
4945,20191231,2
4946,20200101,1
4946,20200216,1
4946,20200311,1
4946,20190624,1
4946,20190706,1
4946,20190815,1
4946,20191101,1
4946,20191223,1
4946,20191224,1
4946,20191225,1
4946,20191226,1
4946,20191231,1
5535,20200101,2
5535,20200216,2
5535,20200311,2
5535,20190624,2
5535,20190706,2
5535,20190815,2
5535,20191101,2
5535,20191223,2
5535,20191224,2
5535,20191225,2
5535,20191226,2
5535,20191231,2
4704,20200101,1
4704,20200216,1
4704,20200311,1
4704,20190624,1
4704,20190706,1
4704,20190815,1
4704,20191101,1
4704,20191223,1
4704,20191224,1
4704,20191225,1
4704,20191226,1
4704,20191231,1
4910,20200101,1
4910,20200216,1
4910,20200311,1
4910,20190624,1
4910,20190706,1
4910,20190815,1
4910,20191101,1
4910,20191223,1
4910,20191224,1
4910,20191225,1
4910,20191226,1
4910,20191231,1
5557,20200101,2
5557,20200216,2
5557,20200311,2
5557,20190624,2
5557,20190706,2
5557,20190815,2
5557,20191101,2
5557,20191223,2
5557,20191224,2
5557,20191225,2
5557,20191226,2
5557,20191231,2
5558,20200101,1
5558,20200216,1
5558,20200311,1
5558,20190624,1
5558,20190706,1
5558,20190815,1
5558,20191101,1
5558,20191223,1
5558,20191224,1
5558,20191225,1
5558,20191226,1
5558,20191231,1
5559,20200101,2
5559,20200216,2
5559,20200311,2
5559,20190624,2
5559,20190706,2
5559,20190815,2
5559,20191101,2
5559,20191223,2
5559,20191224,2
5559,20191225,2
5559,20191226,2
5559,20191231,2
5560,20200101,1
5560,20200216,1
5560,20200311,1
5560,20190624,1
5560,20190706,1
5560,20190815,1
5560,20191101,1
5560,20191223,1
5560,20191224,1
5560,20191225,1
5560,20191226,1
5560,20191231,1
5542,20200101,2
5542,20200216,2
5542,20200311,2
5542,20190624,2
5542,20190706,2
5542,20190815,2
5542,20191101,2
5542,20191223,2
5542,20191224,2
5542,20191225,2
5542,20191226,2
5542,20191231,2
5543,20200101,1
5543,20200216,1
5543,20200311,1
5543,20190624,1
5543,20190706,1
5543,20190815,1
5543,20191101,1
5543,20191223,1
5543,20191224,1
5543,20191225,1
5543,20191226,1
5543,20191231,1
4620,20200101,2
4620,20200216,2
4620,20200311,2
4620,20190624,2
4620,20190706,2
4620,20190815,2
4620,20191101,2
4620,20191223,2
4620,20191224,2
4620,20191225,2
4620,20191226,2
4620,20191231,2
4621,20200101,2
4621,20200216,2
4621,20200311,2
4621,20190624,2
4621,20190706,2
4621,20190815,2
4621,20191101,2
4621,20191223,2
4621,20191224,2
4621,20191225,2
4621,20191226,2
4621,20191231,2
4622,20200101,1
4622,20200216,1
4622,20200311,1
4622,20190624,1
4622,20190706,1
4622,20190815,1
4622,20191101,1
4622,20191223,1
4622,20191224,1
4622,20191225,1
4622,20191226,1
4622,20191231,1
4572,20200101,1
4572,20200216,1
4572,20200311,1
4572,20190624,1
4572,20190706,1
4572,20190815,1
4572,20191101,1
4572,20191223,1
4572,20191224,1
4572,20191225,1
4572,20191226,1
4572,20191231,1
5183,20200101,2
5183,20200216,2
5183,20200311,2
5183,20190624,2
5183,20190706,2
5183,20190815,2
5183,20191101,2
5183,20191223,2
5183,20191224,2
5183,20191225,2
5183,20191226,2
5183,20191231,2
5521,20200101,1
5521,20200216,1
5521,20200311,1
5521,20190624,1
5521,20190706,1
5521,20190815,1
5521,20191101,1
5521,20191223,1
5521,20191224,1
5521,20191225,1
5521,20191226,1
5521,20191231,1
4588,20200101,1
4588,20200216,1
4588,20200311,1
4588,20190624,1
4588,20190706,1
4588,20190815,1
4588,20191101,1
4588,20191223,1
4588,20191224,1
4588,20191225,1
4588,20191226,1
4588,20191231,1
5522,20200101,2
5522,20200216,2
5522,20200311,2
5522,20190624,2
5522,20190706,2
5522,20190815,2
5522,20191101,2
5522,20191223,2
5522,20191224,2
5522,20191225,2
5522,20191226,2
5522,20191231,2
5526,20200101,1
5526,20200216,1
5526,20200311,1
5526,20190624,1
5526,20190706,1
5526,20190815,1
5526,20191101,1
5526,20191223,1
5526,20191224,1
5526,20191225,1
5526,20191226,1
5526,20191231,1
5523,20200101,2
5523,20200216,2
5523,20200311,2
5523,20190624,2
5523,20190706,2
5523,20190815,2
5523,20191101,2
5523,20191223,2
5523,20191224,2
5523,20191225,2
5523,20191226,2
5523,20191231,2
5492,20200101,2
5492,20200216,2
5492,20200311,2
5492,20190624,2
5492,20190706,2
5492,20190815,2
5492,20191101,2
5492,20191223,2
5492,20191224,2
5492,20191225,2
5492,20191226,2
5492,20191231,2
5255,20200101,1
5255,20200216,1
5255,20200311,1
5255,20190624,1
5255,20190706,1
5255,20190815,1
5255,20191101,1
5255,20191223,1
5255,20191224,1
5255,20191225,1
5255,20191226,1
5255,20191231,1
5490,20200101,2
5490,20200216,2
5490,20200311,2
5490,20190624,2
5490,20190706,2
5490,20190815,2
5490,20191101,2
5490,20191223,2
5490,20191224,2
5490,20191225,2
5490,20191226,2
5490,20191231,2
5489,20200101,1
5489,20200216,1
5489,20200311,1
5489,20190624,1
5489,20190706,1
5489,20190815,1
5489,20191101,1
5489,20191223,1
5489,20191224,1
5489,20191225,1
5489,20191226,1
5489,20191231,1
5494,20200101,2
5494,20200216,2
5494,20200311,2
5494,20190624,2
5494,20190706,2
5494,20190815,2
5494,20191101,2
5494,20191223,2
5494,20191224,2
5494,20191225,2
5494,20191226,2
5494,20191231,2
2942,20200101,1
2942,20200216,1
2942,20200311,1
2942,20190624,1
2942,20190706,1
2942,20190815,1
2942,20191101,1
2942,20191223,1
2942,20191224,1
2942,20191225,1
2942,20191226,1
2942,20191231,1
5493,20200101,2
5493,20200216,2
5493,20200311,2
5493,20190624,2
5493,20190706,2
5493,20190815,2
5493,20191101,2
5493,20191223,2
5493,20191224,2
5493,20191225,2
5493,20191226,2
5493,20191231,2
4332,20200101,1
4332,20200216,1
4332,20200311,1
4332,20190624,1
4332,20190706,1
4332,20190815,1
4332,20191101,1
4332,20191223,1
4332,20191224,1
4332,20191225,1
4332,20191226,1
4332,20191231,1
5457,20200101,2
5457,20200216,2
5457,20200311,2
5457,20190624,2
5457,20190706,2
5457,20190815,2
5457,20191101,2
5457,20191223,2
5457,20191224,2
5457,20191225,2
5457,20191226,2
5457,20191231,2
5527,20200101,1
5527,20200216,1
5527,20200311,1
5527,20190624,1
5527,20190706,1
5527,20190815,1
5527,20191101,1
5527,20191223,1
5527,20191224,1
5527,20191225,1
5527,20191226,1
5527,20191231,1
5159,20200101,1
5159,20200216,1
5159,20200311,1
5159,20190624,1
5159,20190706,1
5159,20190815,1
5159,20191101,1
5159,20191223,1
5159,20191224,1
5159,20191225,1
5159,20191226,1
5159,20191231,1
5211,20200101,2
5211,20200216,2
5211,20200311,2
5211,20190624,2
5211,20190706,2
5211,20190815,2
5211,20191101,2
5211,20191223,2
5211,20191224,2
5211,20191225,2
5211,20191226,2
5211,20191231,2
5154,20200101,2
5154,20200216,2
5154,20200311,2
5154,20190624,2
5154,20190706,2
5154,20190815,2
5154,20191101,2
5154,20191223,2
5154,20191224,2
5154,20191225,2
5154,20191226,2
5154,20191231,2
5158,20200101,1
5158,20200216,1
5158,20200311,1
5158,20190624,1
5158,20190706,1
5158,20190815,1
5158,20191101,1
5158,20191223,1
5158,20191224,1
5158,20191225,1
5158,20191226,1
5158,20191231,1
4991,20200101,1
4991,20200216,1
4991,20200311,1
4991,20190624,1
4991,20190706,1
4991,20190815,1
4991,20191101,1
4991,20191223,1
4991,20191224,1
4991,20191225,1
4991,20191226,1
4991,20191231,1
4964,20200101,2
4964,20200216,2
4964,20200311,2
4964,20190624,2
4964,20190706,2
4964,20190815,2
4964,20191101,2
4964,20191223,2
4964,20191224,2
4964,20191225,2
4964,20191226,2
4964,20191231,2
5500,20200101,2
5500,20200216,2
5500,20200311,2
5500,20190624,2
5500,20190706,2
5500,20190815,2
5500,20191101,2
5500,20191223,2
5500,20191224,2
5500,20191225,2
5500,20191226,2
5500,20191231,2
5203,20200101,1
5203,20200216,1
5203,20200311,1
5203,20190624,1
5203,20190706,1
5203,20190815,1
5203,20191101,1
5203,20191223,1
5203,20191224,1
5203,20191225,1
5203,20191226,1
5203,20191231,1
5505,20200101,1
5505,20200216,1
5505,20200311,1
5505,20190624,1
5505,20190706,1
5505,20190815,1
5505,20191101,1
5505,20191223,1
5505,20191224,1
5505,20191225,1
5505,20191226,1
5505,20191231,1
5503,20200101,2
5503,20200216,2
5503,20200311,2
5503,20190624,2
5503,20190706,2
5503,20190815,2
5503,20191101,2
5503,20191223,2
5503,20191224,2
5503,20191225,2
5503,20191226,2
5503,20191231,2
5509,20200101,1
5509,20200216,1
5509,20200311,1
5509,20190624,1
5509,20190706,1
5509,20190815,1
5509,20191101,1
5509,20191223,1
5509,20191224,1
5509,20191225,1
5509,20191226,1
5509,20191231,1
5304,20200101,2
5304,20200216,2
5304,20200311,2
5304,20190624,2
5304,20190706,2
5304,20190815,2
5304,20191101,2
5304,20191223,2
5304,20191224,2
5304,20191225,2
5304,20191226,2
5304,20191231,2
5563,20200101,2
5563,20200216,2
5563,20200311,2
5563,20190624,2
5563,20190706,2
5563,20190815,2
5563,20191101,2
5563,20191223,2
5563,20191224,2
5563,20191225,2
5563,20191226,2
5563,20191231,2
5499,20200101,1
5499,20200216,1
5499,20200311,1
5499,20190624,1
5499,20190706,1
5499,20190815,1
5499,20191101,1
5499,20191223,1
5499,20191224,1
5499,20191225,1
5499,20191226,1
5499,20191231,1
5497,20200101,2
5497,20200216,2
5497,20200311,2
5497,20190624,2
5497,20190706,2
5497,20190815,2
5497,20191101,2
5497,20191223,2
5497,20191224,2
5497,20191225,2
5497,20191226,2
5497,20191231,2
5571,20200101,2
5571,20200216,2
5571,20200311,2
5571,20190624,2
5571,20190706,2
5571,20190815,2
5571,20191101,2
5571,20191223,2
5571,20191224,2
5571,20191225,2
5571,20191226,2
5571,20191231,2
4898,20200101,1
4898,20200216,1
4898,20200311,1
4898,20190624,1
4898,20190706,1
4898,20190815,1
4898,20191101,1
4898,20191223,1
4898,20191224,1
4898,20191225,1
4898,20191226,1
4898,20191231,1
5579,20200101,1
5579,20200216,1
5579,20200311,1
5579,20190624,1
5579,20190706,1
5579,20190815,1
5579,20191101,1
5579,20191223,1
5579,20191224,1
5579,20191225,1
5579,20191226,1
5579,20191231,1
5578,20200101,1
5578,20200216,1
5578,20200311,1
5578,20190624,1
5578,20190706,1
5578,20190815,1
5578,20191101,1
5578,20191223,1
5578,20191224,1
5578,20191225,1
5578,20191226,1
5578,20191231,1
5564,20200101,2
5564,20200216,2
5564,20200311,2
5564,20190624,2
5564,20190706,2
5564,20190815,2
5564,20191101,2
5564,20191223,2
5564,20191224,2
5564,20191225,2
5564,20191226,2
5564,20191231,2
5520,20200101,1
5520,20200216,1
5520,20200311,1
5520,20190624,1
5520,20190706,1
5520,20190815,1
5520,20191101,1
5520,20191223,1
5520,20191224,1
5520,20191225,1
5520,20191226,1
5520,20191231,1
5507,20200101,2
5507,20200216,2
5507,20200311,2
5507,20190624,2
5507,20190706,2
5507,20190815,2
5507,20191101,2
5507,20191223,2
5507,20191224,2
5507,20191225,2
5507,20191226,2
5507,20191231,2
5488,20200101,1
5488,20200216,1
5488,20200311,1
5488,20190624,1
5488,20190706,1
5488,20190815,1
5488,20191101,1
5488,20191223,1
5488,20191224,1
5488,20191225,1
5488,20191226,1
5488,20191231,1
5140,20200101,2
5140,20200216,2
5140,20200311,2
5140,20190624,2
5140,20190706,2
5140,20190815,2
5140,20191101,2
5140,20191223,2
5140,20191224,2
5140,20191225,2
5140,20191226,2
5140,20191231,2
5577,20200101,1
5577,20200216,1
5577,20200311,1
5577,20190624,1
5577,20190706,1
5577,20190815,1
5577,20191101,1
5577,20191223,1
5577,20191224,1
5577,20191225,1
5577,20191226,1
5577,20191231,1
5311,20200101,2
5311,20200216,2
5311,20200311,2
5311,20190624,2
5311,20190706,2
5311,20190815,2
5311,20191101,2
5311,20191223,2
5311,20191224,2
5311,20191225,2
5311,20191226,2
5311,20191231,2
5317,20200101,1
5317,20200216,1
5317,20200311,1
5317,20190624,1
5317,20190706,1
5317,20190815,1
5317,20191101,1
5317,20191223,1
5317,20191224,1
5317,20191225,1
5317,20191226,1
5317,20191231,1
5511,20200101,2
5511,20200216,2
5511,20200311,2
5511,20190624,2
5511,20190706,2
5511,20190815,2
5511,20191101,2
5511,20191223,2
5511,20191224,2
5511,20191225,2
5511,20191226,2
5511,20191231,2
5510,20200101,2
5510,20200216,2
5510,20200311,2
5510,20190624,2
5510,20190706,2
5510,20190815,2
5510,20191101,2
5510,20191223,2
5510,20191224,2
5510,20191225,2
5510,20191226,2
5510,20191231,2
5316,20200101,1
5316,20200216,1
5316,20200311,1
5316,20190624,1
5316,20190706,1
5316,20190815,1
5316,20191101,1
5316,20191223,1
5316,20191224,1
5316,20191225,1
5316,20191226,1
5316,20191231,1
5253,20200101,2
5253,20200216,2
5253,20200311,2
5253,20190624,2
5253,20190706,2
5253,20190815,2
5253,20191101,2
5253,20191223,2
5253,20191224,2
5253,20191225,2
5253,20191226,2
5253,20191231,2
4906,20200101,1
4906,20200216,1
4906,20200311,1
4906,20190624,1
4906,20190706,1
4906,20190815,1
4906,20191101,1
4906,20191223,1
4906,20191224,1
4906,20191225,1
4906,20191226,1
4906,20191231,1
5570,20200101,2
5570,20200216,2
5570,20200311,2
5570,20190624,2
5570,20190706,2
5570,20190815,2
5570,20191101,2
5570,20191223,2
5570,20191224,2
5570,20191225,2
5570,20191226,2
5570,20191231,2
5569,20200101,2
5569,20200216,2
5569,20200311,2
5569,20190624,2
5569,20190706,2
5569,20190815,2
5569,20191101,2
5569,20191223,2
5569,20191224,2
5569,20191225,2
5569,20191226,2
5569,20191231,2
5513,20200101,1
5513,20200216,1
5513,20200311,1
5513,20190624,1
5513,20190706,1
5513,20190815,1
5513,20191101,1
5513,20191223,1
5513,20191224,1
5513,20191225,1
5513,20191226,1
5513,20191231,1