service_id,monday,tuesday,wednesday,thursday,friday,saturday,sunday,start_date,end_date
5545,1,1,1,1,1,1,1,20190501,20200501
5146,1,1,1,1,1,1,1,20180412,20200501
5528,1,1,1,1,1,0,0,20190401,20200501
5529,0,0,0,0,0,1,1,20190401,20200501
3983,1,1,1,1,1,0,0,20190401,20200501
4199,0,0,0,0,0,1,1,20190401,20200501
5491,1,1,1,1,1,0,0,20190204,20200501
5297,0,0,0,0,0,1,1,20181006,20200501
5292,1,1,1,1,1,0,0,20181106,20200501
5298,0,0,0,0,0,1,1,20181027,20200501
5197,1,1,1,1,1,1,1,20190401,20200501
5530,1,1,1,1,1,0,0,20190401,20200501
5531,0,0,0,0,0,1,1,20190401,20200501
5233,1,1,1,1,1,1,1,20190401,20200501
5170,1,1,1,1,1,0,0,20190401,20200501
5172,0,0,0,0,0,1,1,20190401,20200501
5532,1,1,1,1,1,0,0,20190401,20200501
5533,0,0,0,0,0,1,1,20190401,20200501
5534,1,1,1,1,1,1,1,20190401,20200501
5556,1,1,1,1,1,1,1,20190501,20200501
5213,1,1,1,1,1,1,1,20190401,20200501
4945,1,1,1,1,1,0,0,20190401,20200501
4946,0,0,0,0,0,1,1,20190401,20200501
4635,1,1,1,1,1,1,1,20190401,20200501
5547,1,1,1,1,1,1,1,20190501,20200501
5209,1,1,1,1,1,1,1,20180601,20200501
3683,1,1,1,1,1,1,1,20190401,20200501
5535,1,1,1,1,1,0,0,20190401,20200501
4704,0,0,0,0,0,1,1,20190401,20200501
5207,1,1,1,1,1,1,1,20180531,20200501
5536,1,1,1,1,1,1,1,20190413,20200501
4910,0,0,0,0,0,1,1,20171101,20200501
5544,1,1,1,1,1,1,1,20190501,20200501
5537,1,1,1,1,1,1,1,20190501,20200501
5557,1,1,1,1,1,0,0,20190501,20200501
5558,0,0,0,0,0,1,1,20190501,20200501
5538,1,1,1,1,1,1,1,20190501,20200501
5567,1,1,1,1,1,1,1,20190508,20200501
5539,1,1,1,1,1,1,1,20190501,20200501
5553,1,1,1,1,1,1,1,20190501,20200501
5550,1,1,1,1,1,1,1,20190501,20200501
5559,1,1,1,1,1,0,0,20190501,20200501
5560,0,0,0,0,0,1,1,20190501,20200501
5540,1,1,1,1,1,1,1,20190501,20200501
5542,1,1,1,1,1,0,0,20190501,20200501
5543,0,0,0,0,0,1,1,20190501,20200501
4570,1,1,1,1,1,1,1,20190501,20200501
5184,1,1,1,1,1,1,1,20190501,20200501
4620,0,0,1,0,0,0,0,20190501,20200501
4621,0,0,0,0,0,1,0,20190501,20200501
4622,0,0,0,0,0,0,1,20190501,20200501
4572,0,0,1,0,1,1,1,20190501,20200501
4573,1,1,1,1,1,1,1,20190501,20200501
5183,1,1,1,1,1,0,0,20190501,20200501
5521,0,0,0,0,0,1,1,20190501,20200501
4577,1,1,1,1,1,1,1,20190501,20200501
4579,1,1,1,1,1,1,1,20190501,20200501
4632,1,1,1,1,1,1,1,20190501,20200501
4583,1,1,1,1,1,1,1,20190501,20200501
4584,1,1,1,1,1,1,1,20190501,20200501
4585,1,1,1,1,1,1,1,20190501,20200501
4623,1,1,1,1,1,1,1,20190501,20200501
4588,0,0,1,0,1,1,1,20190501,20200501
4590,1,1,1,1,1,1,1,20190501,20200501
5561,1,1,1,1,1,1,1,20190501,20200501
5522,1,1,1,1,1,0,0,20190429,20200501
5526,0,0,0,0,0,1,1,20190420,20200501
5523,1,1,1,1,1,0,0,20190429,20200501
5492,1,1,1,1,1,0,0,20190222,20200501
5255,0,0,0,0,0,1,1,20180908,20200501
5490,1,1,1,1,1,0,0,20190314,20200501
5489,0,0,0,0,0,1,1,20190216,20200501
5494,1,1,1,1,1,0,0,20190222,20200501
2942,0,0,0,0,0,1,1,20150103,20200501
5493,1,1,1,1,1,0,0,20180306,20200501
4332,0,0,0,0,0,1,1,20161022,20200501
5457,1,1,1,1,1,0,0,20190117,20200501
5527,0,0,0,0,0,1,1,20190420,20200501
5159,0,0,0,0,0,1,1,20180421,20200501
5211,1,1,1,1,1,0,0,20180418,20200501
5154,1,1,1,1,1,0,0,20180418,20200501
5158,0,0,0,0,0,1,1,20180421,20200501
4991,0,0,0,0,0,1,1,20171125,20200501
4964,1,1,1,1,1,0,0,20171121,20200501
5500,1,1,1,1,1,0,0,20190314,20200501
5203,0,0,0,0,0,1,1,20180526,20200501
5467,1,1,1,1,1,1,1,20180118,20200501
5475,1,1,1,1,1,1,1,20190121,20200501
5505,0,0,0,0,0,1,1,20190316,20200501
5503,1,1,1,1,1,0,0,20190314,20200501
5509,0,0,0,0,0,1,1,20190323,20200501
5304,1,1,1,1,1,0,0,20181203,20200501
5563,1,1,1,1,1,0,0,20160301,20200501
5499,0,0,0,0,0,1,1,20190302,20200501
5497,1,1,1,1,1,0,0,20190301,20200501
5571,1,1,1,1,1,0,0,20190521,20200501
4898,0,0,0,0,0,1,1,20171028,20200501
5579,0,0,0,0,0,1,1,20190216,20200501
5578,0,0,0,0,0,1,1,20190216,20200501
5564,1,1,1,1,1,0,0,20190211,20200501
5520,0,0,0,0,0,1,1,20190420,20200501
5507,1,1,1,1,1,0,0,20190318,20200501
5488,0,0,0,0,0,1,1,20190216,20200501
5140,1,1,1,1,1,0,0,20190211,20200501
5577,0,0,0,0,0,1,1,20190525,20200501
5311,1,1,1,1,1,0,0,20190404,20200501
5317,0,0,0,0,0,1,1,20181006,20200501
5511,1,1,1,1,1,0,0,20180917,20200501
5510,1,1,1,1,1,0,0,20190404,20200501
5316,0,0,0,0,0,1,1,20181208,20200501
5253,1,1,1,1,1,0,0,20180820,20200501
4906,0,0,0,0,0,1,1,20190525,20200501
5570,1,1,1,1,1,0,0,20190521,20200501
5569,1,1,1,1,1,0,0,20190521,20200501
5513,0,0,0,0,0,1,1,20190413,20200501